Parameter Values:
Amplitude: 0.2083695437804473
Mu: 4795.7120491322785
Sigma: 162.6378921305806
Velocity: -22429.566899624526 km/s
Uncertainty: 1.8713397224546031
Chi-Square: 0.28007644414901733
