Parameter Values:
Amplitude: 0.36169750038624626
Mu: 4684.913045796983
Sigma: 144.68713714293528
Velocity: -29384.51238562164 km/s
Uncertainty: 2.0757422202688547
Chi-Square: 3.4465131759643555
