Parameter Values:
Amplitude: 0.25643142790807616
Mu: 4786.353520912515
Sigma: 134.8063234292826
Velocity: -23011.800691952445 km/s
Uncertainty: 2.5442213667137494
Chi-Square: 0.759742021560669
